12
7
1.49525
0.716859 0.611201 0.541917 0.510268 0.490544 0.462789 0.555611 
-0.476127 1 1 23 -1 24 -1 17 20 23 -1 
2.7167 0 4 5 9 13 -1 0 3 6 -1 
-37.1614 1 3 3 -1 10 -1 7 11 15 19 
-0.511015 1 1 0 -1 1 -1 16 19 22 -1 
2.25347 0 4 20 22 24 -1 3 6 9 -1 
2.15467 0 0 0 7 14 -1 0 -1 1 -1 
-22.7724 1 0 9 15 21 -1 11 -1 13 -1 

15
3.095
1.14242 0.792674 0.691926 0.605297 0.601735 0.521567 0.527394 0.505073 0.49907 0.459109 0.559147 0.580994 0.43217 0.480875 0.486123 
-39.3655 1 2 3 9 15 21 16 -1 23 -1 
-18.1351 1 3 1 -1 14 -1 9 11 13 15 
-41.3307 1 0 0 3 6 -1 7 -1 21 -1 
1.255 0 1 0 -1 5 -1 6 8 10 -1 
0.785691 0 1 22 -1 23 -1 0 3 6 -1 
1.19344 0 0 6 7 8 -1 2 -1 6 -1 
-2.49354 1 3 0 -1 22 -1 18 20 22 24 
3.34934 0 1 0 -1 3 -1 0 3 6 -1 
0.179026 0 1 15 -1 16 -1 14 16 18 -1 
0 0 0 9 10 11 -1 11 -1 13 -1 
-2.0945 1 1 21 -1 23 -1 0 1 2 -1 
-1.25891 1 1 9 -1 16 -1 3 6 9 -1 
-0.0573044 1 0 12 13 14 -1 7 -1 11 -1 
-24.5845 1 0 13 16 19 -1 8 -1 15 -1 
-0.0266904 1 1 11 -1 12 -1 13 14 15 -1 

30
5.84944
1.0838 0.852051 0.627409 0.528806 0.546801 0.509162 0.501287 0.570873 0.548523 0.474681 0.559069 0.457394 0.496085 0.457078 0.466796 0.542106 0.464617 0.411842 0.417023 0.531267 0.422077 0.423033 0.410993 0.417241 0.497113 0.41556 0.494026 0.414514 0.526819 0.401588 
41.0919 0 2 1 4 7 10 0 -1 21 -1 
-30.8134 1 3 0 -1 14 -1 8 11 14 17 
30.5444 0 4 0 8 16 -1 12 17 22 -1 
0.337045 0 1 11 -1 15 -1 1 2 3 -1 
-4.61118 1 2 0 1 2 3 0 -1 21 -1 
0.276982 0 0 0 3 6 -1 0 -1 1 -1 
0 0 0 9 10 11 -1 0 -1 1 -1 
-6.18059 1 0 0 1 2 -1 6 -1 18 -1 
-0.0852404 1 2 10 11 12 13 11 -1 23 -1 
24.9599 0 0 0 4 8 -1 0 -1 21 -1 
0 1 0 14 15 16 -1 20 -1 21 -1 
1.10601 0 3 6 -1 17 -1 8 9 10 11 
2.51321 0 1 23 -1 24 -1 0 5 10 -1 
0 0 1 4 -1 5 -1 20 21 22 -1 
119.053 0 2 0 4 8 12 6 -1 18 -1 
-0.0254071 1 3 0 -1 5 -1 10 11 12 13 
0.344633 0 1 18 -1 22 -1 17 18 19 -1 
-2.37588 1 2 10 12 14 16 8 -1 15 -1 
65.5175 0 1 7 -1 23 -1 4 13 22 -1 
-0.19671 1 1 7 -1 9 -1 12 13 14 -1 
-2.02884 1 0 16 18 20 -1 15 -1 21 -1 
0 1 0 12 13 14 -1 20 -1 21 -1 
-0.0957553 1 1 22 -1 23 -1 21 22 23 -1 
-70.6412 1 1 6 -1 23 -1 0 11 22 -1 
0.0767329 1 3 10 -1 16 -1 20 21 22 23 
-25.2238 1 2 2 6 10 14 16 -1 23 -1 
0.894963 1 3 0 -1 5 -1 8 9 10 11 
14.2519 0 0 6 15 24 -1 0 -1 1 -1 
0.335199 1 2 9 10 11 12 7 -1 11 -1 
-0.602465 1 3 0 -1 2 -1 18 20 22 24 

30
6.23521
0.980876 0.838809 0.722299 0.662937 0.534916 0.526418 0.606632 0.493153 0.489254 0.489449 0.610735 0.472891 0.475425 0.489731 0.524369 0.573863 0.444844 0.484885 0.524751 0.51049 0.42348 0.536803 0.525153 0.440759 0.467877 0.443876 0.446806 0.424305 0.460255 0.487942 
-29.5672 1 3 0 -1 9 -1 6 10 14 18 
-7.50465 1 0 2 3 4 -1 0 -1 21 -1 
0 0 1 10 -1 11 -1 0 1 2 -1 
2.14081 0 0 6 7 8 -1 16 -1 23 -1 
10.4553 0 1 0 -1 2 -1 0 7 14 -1 
-10.1483 1 0 12 14 16 -1 8 -1 15 -1 
-1.00471 1 1 11 -1 14 -1 2 6 10 -1 
-1.9124 1 4 20 22 24 -1 15 18 21 -1 
-2.08895 1 0 13 17 21 -1 6 -1 8 -1 
-5.5409 1 1 16 -1 23 -1 0 1 2 -1 
0 0 0 8 9 10 -1 0 -1 1 -1 
-0.396832 1 1 8 -1 12 -1 7 8 9 -1 
0.115618 0 0 0 1 2 -1 0 -1 1 -1 
0 0 0 8 9 10 -1 9 -1 10 -1 
-173.891 1 1 2 -1 23 -1 1 12 23 -1 
0.65156 0 1 11 -1 14 -1 15 18 21 -1 
0.208781 0 4 0 3 6 -1 21 22 23 -1 
61.8353 0 1 10 -1 23 -1 4 13 22 -1 
-0.988665 0 0 5 9 13 -1 11 -1 13 -1 
0.495513 0 1 20 -1 23 -1 1 2 3 -1 
0.52997 1 2 7 8 9 10 8 -1 15 -1 
5.53283 0 0 18 19 20 -1 6 -1 18 -1 
0 1 0 14 15 16 -1 4 -1 5 -1 
-1.84906 1 2 17 18 19 20 6 -1 18 -1 
0.220224 0 3 7 -1 14 -1 13 14 15 16 
11.5152 0 2 16 18 20 22 6 -1 18 -1 
0 1 0 22 23 24 -1 0 -1 1 -1 
-0.855639 0 2 7 8 9 10 10 -1 16 -1 
-104.109 1 0 0 4 8 -1 0 -1 21 -1 
-0.89601 0 2 6 7 8 9 10 -1 16 -1 

50
9.57097
1.03743 0.75517 0.625919 0.602472 0.524701 0.578895 0.518272 0.511817 0.488142 0.455629 0.539198 0.592351 0.476754 0.500618 0.455755 0.463239 0.494794 0.512853 0.489522 0.48305 0.434861 0.571466 0.421003 0.506724 0.452305 0.507275 0.419503 0.439205 0.437469 0.460826 0.407081 0.538887 0.410228 0.409562 0.426301 0.442916 0.414881 0.369688 0.383423 0.392576 0.450149 0.429396 0.400542 0.385871 0.414131 0.381844 0.439508 0.428256 0.464437 0.39741 
49.1149 0 0 4 8 12 -1 0 -1 21 -1 
-1.71662 1 3 4 -1 12 -1 11 12 13 14 
0.723904 0 1 0 -1 3 -1 1 2 3 -1 
9.65294 0 1 0 -1 2 -1 0 7 14 -1 
-3.09959 1 0 2 3 4 -1 16 -1 23 -1 
-0.612108 1 3 6 -1 12 -1 10 11 12 13 
0.631603 0 0 5 6 7 -1 18 -1 20 -1 
-0.176042 1 3 19 -1 21 -1 9 11 13 15 
26.0266 0 0 5 9 13 -1 16 -1 23 -1 
0.139068 0 1 2 -1 4 -1 9 10 11 -1 
-176.136 1 1 0 -1 23 -1 1 12 23 -1 
0 0 1 12 -1 13 -1 1 2 3 -1 
3.70569 0 2 18 19 20 21 6 -1 18 -1 
-3.68682 1 2 9 11 13 15 4 -1 15 -1 
-3.93517 1 0 12 18 24 -1 0 -1 1 -1 
0.461223 0 1 10 -1 12 -1 15 18 21 -1 
58.6491 0 1 1 -1 24 -1 7 12 17 -1 
0.229344 1 2 7 8 9 10 9 -1 10 -1 
7.29451 0 2 14 16 18 20 10 -1 16 -1 
-0.45581 1 4 21 22 23 -1 14 18 22 -1 
3.9695 0 0 13 15 17 -1 10 -1 16 -1 
-0.995272 0 2 7 8 9 10 8 -1 15 -1 
-1.37066 1 2 3 4 5 6 16 -1 23 -1 
0.346885 1 2 8 9 10 11 7 -1 11 -1 
7.08503 0 2 17 18 19 20 6 -1 18 -1 
-2.19141 0 2 8 9 10 11 5 -1 16 -1 
-1.14883 1 2 17 18 19 20 10 -1 16 -1 
0 1 0 14 15 16 -1 0 -1 1 -1 
2.3735 0 2 17 18 19 20 8 -1 15 -1 
-0.0865088 1 1 0 -1 5 -1 15 16 17 -1 
-11.2174 1 1 20 -1 23 -1 0 3 6 -1 
-0.891049 0 3 18 -1 22 -1 11 12 13 14 
-2.03264 1 2 1 2 3 4 1 -1 8 -1 
-0.331916 1 3 13 -1 16 -1 18 20 22 24 
2.89446 0 2 1 2 3 4 2 -1 16 -1 
0.534142 1 4 18 21 24 -1 11 12 13 -1 
0.165529 0 1 0 -1 1 -1 0 1 2 -1 
0 1 0 12 13 14 -1 0 -1 1 -1 
-1.17609 1 4 0 2 4 -1 3 6 9 -1 
19.7205 0 0 0 4 8 -1 0 -1 21 -1 
0.166715 1 2 14 15 16 17 0 -1 1 -1 
-2.62091 1 2 0 1 2 3 1 -1 8 -1 
0.27402 0 1 10 -1 14 -1 9 10 11 -1 
-0.163263 1 2 2 3 4 5 5 -1 6 -1 
-0.0849459 1 1 3 -1 4 -1 13 14 15 -1 
2.45574 0 0 0 1 2 -1 16 -1 23 -1 
-0.718668 0 4 8 9 10 -1 9 12 15 -1 
-4.97052 1 1 12 -1 23 -1 1 2 3 -1 
0.0268839 0 0 8 9 10 -1 20 -1 21 -1 
-0.476198 1 3 11 -1 19 -1 1 2 3 4 

50
9.95788
0.870915 0.712598 0.62074 0.519939 0.521166 0.520748 0.629626 0.53419 0.51321 0.594843 0.47984 0.559568 0.576 0.449704 0.475909 0.434287 0.558501 0.518993 0.437263 0.435915 0.438284 0.426288 0.429024 0.438977 0.426229 0.510603 0.401346 0.488421 0.381635 0.419014 0.427554 0.46558 0.489837 0.444901 0.450848 0.465151 0.452758 0.447424 0.427016 0.424526 0.39222 0.45798 0.466561 0.458045 0.493229 0.39846 0.390829 0.441644 0.380402 0.422936 
26.8316 0 2 0 3 6 9 7 -1 21 -1 
-1.74749 1 1 0 -1 10 -1 13 14 15 -1 
7.94104 0 0 6 8 10 -1 1 -1 8 -1 
12.6534 0 2 17 19 21 23 6 -1 18 -1 
0 0 0 1 2 3 -1 0 -1 1 -1 
132.551 0 1 0 -1 23 -1 2 12 22 -1 
-5.29098 1 3 7 -1 22 -1 9 11 13 15 
8.55974 0 4 5 9 13 -1 12 17 22 -1 
121.375 0 2 1 5 9 13 0 -1 21 -1 
0 0 1 14 -1 15 -1 0 1 2 -1 
0 0 0 6 7 8 -1 9 -1 10 -1 
10.1712 0 0 8 16 24 -1 0 -1 1 -1 
-0.0863557 1 0 12 13 14 -1 13 -1 20 -1 
0.911399 0 3 19 -1 22 -1 5 7 9 11 
-1.79618 1 0 14 19 24 -1 0 -1 1 -1 
-0.839507 0 4 7 8 9 -1 4 13 22 -1 
-11.4329 1 0 0 1 2 -1 0 -1 21 -1 
-0.319914 1 0 14 16 18 -1 18 -1 20 -1 
1.96056 0 4 11 14 17 -1 11 14 17 -1 
0 0 3 14 -1 15 -1 0 1 2 3 
0.956429 0 1 0 -1 8 -1 1 2 3 -1 
1.46486 0 1 3 -1 6 -1 5 8 11 -1 
2.55085 0 2 3 4 5 6 16 -1 23 -1 
-0.323783 1 2 10 11 12 13 2 -1 16 -1 
8.60563 0 0 0 2 4 -1 1 -1 8 -1 
-0.137492 0 2 15 16 17 18 0 -1 1 -1 
-9.78859 1 0 14 16 18 -1 10 -1 16 -1 
-0.151184 1 1 10 -1 12 -1 1 6 11 -1 
0 0 1 16 -1 17 -1 15 16 17 -1 
-2.88987 1 2 0 1 2 3 16 -1 23 -1 
0.37851 1 2 9 10 11 12 6 -1 18 -1 
2.17228 0 0 2 3 4 -1 16 -1 23 -1 
-1.20721 0 2 7 9 11 13 0 -1 1 -1 
3.50014 0 2 17 18 19 20 6 -1 18 -1 
0.127488 1 2 8 9 10 11 0 -1 1 -1 
9.0971 0 2 13 15 17 19 10 -1 16 -1 
-0.755048 0 2 13 14 15 16 1 -1 8 -1 
0.34943 0 0 4 5 6 -1 4 -1 5 -1 
0.381436 1 4 9 10 11 -1 6 12 18 -1 
-4.56311 1 3 16 -1 24 -1 18 20 22 24 
0.940836 1 3 15 -1 24 -1 13 14 15 16 
-123.219 1 1 0 -1 23 -1 1 12 23 -1 
0.616647 1 2 8 9 10 11 7 -1 11 -1 
130.295 0 2 1 6 11 16 0 -1 21 -1 
0 0 1 2 -1 4 -1 9 10 11 -1 
-0.421945 1 1 0 -1 3 -1 21 22 23 -1 
7.53758 0 0 4 6 8 -1 16 -1 23 -1 
0 1 3 12 -1 16 -1 20 21 22 23 
0.897182 0 1 4 -1 22 -1 21 22 23 -1 
0.584389 1 3 0 -1 4 -1 13 14 15 16 

50
9.66727
0.835861 0.645112 0.650024 0.546711 0.564288 0.497329 0.516814 0.507643 0.470219 0.437719 0.525847 0.502931 0.427437 0.430353 0.522228 0.50187 0.445043 0.500491 0.507047 0.556275 0.457654 0.440852 0.483661 0.512272 0.42278 0.488306 0.413365 0.506911 0.407426 0.411204 0.441402 0.532538 0.384194 0.408673 0.415507 0.429334 0.517578 0.379272 0.390837 0.397494 0.398964 0.472385 0.489387 0.410389 0.421406 0.397383 0.472957 0.407524 0.500031 0.391129 
1.92163 0 0 7 8 9 -1 0 -1 11 -1 
13.7861 0 2 0 4 8 12 18 -1 20 -1 
-1.15481 1 3 2 -1 8 -1 11 12 13 14 
-2.69451 1 2 0 1 2 3 1 -1 8 -1 
-19.349 1 3 0 -1 3 -1 0 7 14 21 
0.267438 0 3 7 -1 10 -1 8 9 10 11 
-1.50723 1 0 3 4 5 -1 2 -1 6 -1 
0.0274809 0 1 12 -1 13 -1 17 18 19 -1 
-1.31906 1 3 18 -1 21 -1 18 20 22 24 
-0.543511 1 2 11 12 13 14 1 -1 18 -1 
0.959427 0 0 4 5 6 -1 18 -1 20 -1 
1.15161 0 0 6 7 8 -1 6 -1 18 -1 
-6.0027 1 1 12 -1 22 -1 3 6 9 -1 
0 0 1 23 -1 24 -1 5 6 7 -1 
-4.37009 1 0 18 19 20 -1 6 -1 18 -1 
0 1 0 15 16 17 -1 0 -1 1 -1 
2.53332 0 0 19 20 21 -1 6 -1 18 -1 
-0.218515 0 2 14 15 16 17 0 -1 1 -1 
-2.18141 1 1 21 -1 23 -1 0 1 2 -1 
-0.164049 1 2 10 11 12 13 5 -1 16 -1 
-0.465858 1 3 23 -1 24 -1 0 3 6 9 
-0.209804 1 0 0 2 4 -1 11 -1 13 -1 
13.9501 0 0 0 4 8 -1 1 -1 18 -1 
-0.393388 1 3 1 -1 7 -1 10 11 12 13 
-1.74843 1 2 18 19 20 21 6 -1 18 -1 
0.212205 1 2 15 16 17 18 0 -1 1 -1 
88.8284 0 1 7 -1 23 -1 4 13 22 -1 
0 1 3 9 -1 15 -1 20 21 22 23 
0.139565 0 1 0 -1 1 -1 0 1 2 -1 
0 0 4 9 10 11 -1 16 17 18 -1 
18.6843 0 0 4 14 24 -1 0 -1 1 -1 
-0.0484746 1 0 15 16 17 -1 1 -1 8 -1 
-0.669204 1 0 16 18 20 -1 6 -1 8 -1 
-1.60313 1 2 17 18 19 20 5 -1 16 -1 
10.547 1 4 12 17 22 -1 3 12 21 -1 
-25.9797 1 0 13 16 19 -1 8 -1 15 -1 
0.231852 1 0 22 23 24 -1 18 -1 20 -1 
0.276455 0 0 5 6 7 -1 5 -1 6 -1 
-0.344426 1 1 7 -1 10 -1 13 14 15 -1 
-0.523137 1 4 18 19 20 -1 12 15 18 -1 
0.549245 1 3 0 -1 2 -1 7 9 11 13 
9.87959 0 0 0 2 4 -1 1 -1 8 -1 
-0.593619 0 3 13 -1 15 -1 20 21 22 23 
1.2979 0 0 15 16 17 -1 8 -1 15 -1 
-0.552887 1 0 13 15 17 -1 2 -1 6 -1 
2.18684 0 0 4 5 6 -1 2 -1 6 -1 
-0.971051 0 2 6 7 8 9 8 -1 15 -1 
-35.176 1 1 12 -1 23 -1 0 3 6 -1 
0.840446 1 2 6 7 8 9 10 -1 16 -1 
7.81001 0 2 13 15 17 19 8 -1 15 -1 

100
18.1392
0.745595 0.714433 0.594324 0.620613 0.638556 0.524678 0.529876 0.508898 0.474004 0.501073 0.475461 0.498564 0.48881 0.420471 0.455712 0.431462 0.507705 0.518341 0.410566 0.460292 0.40215 0.41128 0.474677 0.41423 0.420274 0.434837 0.393714 0.429241 0.42978 0.394542 0.378158 0.430141 0.458114 0.403137 0.387266 0.436312 0.488213 0.381603 0.476348 0.409592 0.385929 0.382473 0.378688 0.412372 0.496854 0.402126 0.462042 0.362344 0.44962 0.379106 0.386061 0.374572 0.372574 0.440227 0.355094 0.362498 0.439267 0.409491 0.359451 0.358013 0.44535 0.458295 0.351878 0.343382 0.390023 0.36343 0.419763 0.410878 0.411463 0.338594 0.366155 0.409061 0.396475 0.369164 0.44613 0.45627 0.38235 0.373596 0.418531 0.433422 0.396156 0.388696 0.34289 0.384086 0.360233 0.335308 0.389506 0.419185 0.36293 0.44416 0.372464 0.34827 0.371739 0.339166 0.42561 0.359156 0.421092 0.351416 0.346123 0.339954 
-44.7649 1 3 0 -1 9 -1 4 10 16 22 
-13.7241 1 0 0 2 4 -1 6 -1 18 -1 
0 0 0 6 7 8 -1 0 -1 1 -1 
148.701 0 2 1 5 9 13 0 -1 21 -1 
-1.88683 1 3 3 -1 22 -1 11 12 13 14 
0.547277 0 0 6 7 8 -1 18 -1 20 -1 
-0.977397 1 2 1 2 3 4 2 -1 6 -1 
-0.378759 1 3 10 -1 15 -1 10 11 12 13 
-2.17842 1 2 0 1 2 3 16 -1 23 -1 
0 0 4 7 8 9 -1 1 2 3 -1 
1.43127 0 0 1 2 3 -1 16 -1 23 -1 
-0.830777 1 0 16 20 24 -1 0 -1 1 -1 
0.374977 0 0 19 21 23 -1 6 -1 8 -1 
-51.9395 1 2 0 8 16 24 16 -1 23 -1 
3.86769 0 1 0 -1 23 -1 1 2 3 -1 
-12.7683 0 4 8 16 24 -1 3 12 21 -1 
-1.4361 1 1 20 -1 23 -1 1 2 3 -1 
10.6162 1 4 8 14 20 -1 0 11 22 -1 
95.2921 0 1 0 -1 23 -1 1 12 23 -1 
-0.328692 0 2 15 17 19 21 0 -1 1 -1 
-0.835966 1 3 4 -1 9 -1 10 11 12 13 
-13.4859 1 2 13 15 17 19 6 -1 18 -1 
-0.127347 0 0 8 9 10 -1 10 -1 16 -1 
-0.6463 1 4 16 18 20 -1 11 14 17 -1 
-20.5105 1 1 11 -1 23 -1 2 10 18 -1 
0 0 0 10 11 12 -1 11 -1 13 -1 
-4.48076 1 4 14 16 18 -1 10 16 22 -1 
-0.293131 1 0 13 14 15 -1 1 -1 8 -1 
5.86091 0 2 14 16 18 20 10 -1 16 -1 
1.95843 0 3 3 -1 8 -1 16 18 20 22 
0 0 1 11 -1 12 -1 3 4 5 -1 
-4.31099 1 0 18 19 20 -1 6 -1 18 -1 
0.4584 1 2 7 8 9 10 10 -1 16 -1 
0.413332 0 0 0 2 4 -1 0 -1 1 -1 
1.51056 0 3 9 -1 11 -1 11 14 17 20 
3.88356 0 2 17 18 19 20 8 -1 15 -1 
0.190479 1 2 9 10 11 12 11 -1 23 -1 
-4.17704 1 0 0 1 2 -1 15 -1 21 -1 
0.0283327 0 1 0 -1 3 -1 7 8 9 -1 
-0.469041 1 2 0 1 2 3 3 -1 5 -1 
0 0 1 1 -1 2 -1 4 5 6 -1 
-0.422702 1 4 8 16 24 -1 21 22 23 -1 
-0.137888 1 3 12 -1 13 -1 17 19 21 23 
-5.13991 1 0 19 20 21 -1 6 -1 18 -1 
-0.61323 0 2 16 17 18 19 2 -1 6 -1 
3.93315 0 2 0 1 2 3 1 -1 8 -1 
0.127136 1 3 0 -1 1 -1 12 13 14 15 
50.2604 0 1 10 -1 24 -1 6 12 18 -1 
0.925257 1 2 14 16 18 20 0 -1 1 -1 
11.413 0 2 13 15 17 19 8 -1 15 -1 
-0.310605 0 2 12 13 14 15 6 -1 8 -1 
2.2124 0 2 3 4 5 6 16 -1 23 -1 
-0.450798 1 0 4 5 6 -1 18 -1 20 -1 
0.74337 1 4 8 9 10 -1 5 12 19 -1 
-0.44759 1 0 20 22 24 -1 0 -1 1 -1 
-0.410599 0 4 5 10 15 -1 12 13 14 -1 
0.609321 0 0 3 4 5 -1 18 -1 20 -1 
0 0 0 9 10 11 -1 11 -1 13 -1 
0 1 3 0 -1 1 -1 20 21 22 23 
-0.0827149 1 2 8 9 10 11 11 -1 23 -1 
8.85817 0 0 8 16 24 -1 0 -1 1 -1 
-0.144517 0 2 19 20 21 22 0 -1 1 -1 
1.0221 0 1 14 -1 16 -1 15 18 21 -1 
3.1492 0 2 18 19 20 21 6 -1 18 -1 
-1.39385 1 1 0 -1 6 -1 14 16 18 -1 
3.00888 0 2 20 21 22 23 5 -1 16 -1 
0.859479 1 4 14 18 22 -1 11 12 13 -1 
-90.4048 1 1 6 -1 23 -1 0 11 22 -1 
-0.0977053 1 1 12 -1 15 -1 5 6 7 -1 
0 1 2 10 11 12 13 20 -1 21 -1 
1.43158 0 2 3 4 5 6 3 -1 5 -1 
-1.1336 0 3 8 -1 14 -1 3 4 5 6 
-0.711314 1 2 3 4 5 6 2 -1 6 -1 
-1.37604 0 2 13 14 15 16 16 -1 23 -1 
69.44 0 2 0 5 10 15 15 -1 21 -1 
1.06588 1 2 6 7 8 9 8 -1 15 -1 
4.53087 0 1 0 -1 8 -1 0 3 6 -1 
0.278119 1 2 8 9 10 11 11 -1 13 -1 
6.38673 0 2 16 17 18 19 6 -1 18 -1 
-1.00928 0 2 6 7 8 9 10 -1 16 -1 
2.79753 0 2 17 18 19 20 4 -1 15 -1 
0.145104 0 3 11 -1 12 -1 6 8 10 12 
17.4395 0 0 3 6 9 -1 16 -1 23 -1 
-0.671733 1 1 4 -1 9 -1 13 14 15 -1 
-0.0878517 1 1 0 -1 1 -1 20 21 22 -1 
0 0 1 16 -1 17 -1 15 16 17 -1 
2.24904 0 2 21 22 23 24 8 -1 15 -1 
-0.558347 0 2 14 15 16 17 2 -1 6 -1 
-7.62145 1 1 3 -1 22 -1 1 2 3 -1 
0.18912 1 4 11 12 13 -1 21 22 23 -1 
0.488553 0 1 16 -1 23 -1 0 1 2 -1 
1.30216 0 2 19 20 21 22 10 -1 16 -1 
-0.0128294 0 0 10 11 12 -1 8 -1 15 -1 
0.936465 0 0 14 15 16 -1 8 -1 15 -1 
0.365563 1 2 20 21 22 23 3 -1 5 -1 
-3.25713 1 1 6 -1 15 -1 11 12 13 -1 
-0.217075 0 2 16 17 18 19 0 -1 1 -1 
0.242923 0 0 0 1 2 -1 0 -1 1 -1 
-0.172333 1 2 9 10 11 12 6 -1 8 -1 
0 0 0 5 6 7 -1 0 -1 1 -1 

120
21.9194
0.779959 0.720165 0.595705 0.571563 0.535582 0.499606 0.536523 0.483826 0.515874 0.570531 0.551142 0.466204 0.42923 0.506733 0.503379 0.451665 0.49209 0.415058 0.443282 0.479461 0.420627 0.475341 0.414676 0.405262 0.413364 0.46933 0.406816 0.408378 0.414279 0.448013 0.454565 0.424883 0.419012 0.478915 0.41848 0.443756 0.443811 0.431987 0.414228 0.400828 0.401658 0.456897 0.479042 0.50187 0.397137 0.459162 0.400631 0.419816 0.439176 0.435985 0.444534 0.438451 0.459688 0.369441 0.419631 0.439997 0.380187 0.401343 0.44231 0.475715 0.376709 0.368235 0.373505 0.435899 0.369234 0.390893 0.36423 0.390352 0.458391 0.373204 0.39257 0.416839 0.43303 0.39127 0.43763 0.42395 0.375924 0.38847 0.362274 0.36805 0.384531 0.411479 0.372115 0.429915 0.381254 0.414892 0.387337 0.417853 0.383723 0.385063 0.441203 0.359474 0.434693 0.427192 0.3698 0.384652 0.35987 0.358252 0.408865 0.386653 0.360915 0.35885 0.433105 0.393084 0.41835 0.354252 0.321257 0.455951 0.351955 0.411855 0.388474 0.341135 0.407976 0.373252 0.358251 0.425806 0.399395 0.397866 0.376751 0.358186 
40.6203 0 0 5 8 11 -1 0 -1 21 -1 
-0.479347 1 3 4 -1 7 -1 11 12 13 14 
-3.7907 1 0 0 2 4 -1 6 -1 8 -1 
5.14466 0 1 0 -1 7 -1 5 8 11 -1 
-1.88205 1 4 19 21 23 -1 17 20 23 -1 
1.51915 0 1 13 -1 22 -1 1 2 3 -1 
-1.46128 1 3 9 -1 11 -1 9 11 13 15 
2.04993 0 2 3 4 5 6 1 -1 8 -1 
-4.47527 1 2 3 9 15 21 20 -1 21 -1 
-2.64088 1 1 20 -1 23 -1 1 2 3 -1 
-0.744537 1 0 13 17 21 -1 6 -1 8 -1 
0.351834 0 1 0 -1 3 -1 1 2 3 -1 
12.0844 1 4 8 16 24 -1 3 12 21 -1 
-5.48802 1 0 18 19 20 -1 6 -1 18 -1 
-13.6583 0 4 11 17 23 -1 3 12 21 -1 
42.4019 0 1 8 -1 24 -1 8 13 18 -1 
-0.0349497 1 1 10 -1 20 -1 4 5 6 -1 
-0.808442 1 2 10 12 14 16 11 -1 13 -1 
8.03783 0 2 11 13 15 17 10 -1 16 -1 
0.218022 0 0 7 8 9 -1 18 -1 20 -1 
1.93141 0 0 0 1 2 -1 16 -1 23 -1 
-1.60543 1 4 0 11 22 -1 4 11 18 -1 
0.228031 0 4 21 22 23 -1 0 3 6 -1 
-1.12346 1 1 15 -1 23 -1 21 22 23 -1 
-1.01353 0 4 9 10 11 -1 6 12 18 -1 
7.63059 0 2 14 16 18 20 10 -1 16 -1 
-0.315042 1 0 0 1 2 -1 10 -1 16 -1 
0.104164 0 4 8 10 12 -1 15 18 21 -1 
2.02904 0 2 20 21 22 23 10 -1 16 -1 
0 0 0 7 8 9 -1 0 -1 1 -1 
-2.39692 1 2 20 21 22 23 0 -1 21 -1 
1.1524 0 1 0 -1 9 -1 9 10 11 -1 
1.50194 0 2 3 4 5 6 18 -1 20 -1 
-1.0678 0 2 6 8 10 12 0 -1 1 -1 
3.15434 0 2 2 3 4 5 16 -1 23 -1 
0.122849 1 2 12 13 14 15 0 -1 1 -1 
-0.981893 1 1 17 -1 23 -1 1 2 3 -1 
-4.67467 0 4 10 13 16 -1 3 12 21 -1 
-1.60482 1 3 4 -1 21 -1 1 2 3 4 
2.21751 0 0 6 7 8 -1 11 -1 23 -1 
-1.06821 1 2 16 17 18 19 10 -1 16 -1 
0.18404 1 2 13 14 15 16 0 -1 1 -1 
-156.642 1 1 2 -1 23 -1 1 12 23 -1 
0.949116 1 3 16 -1 23 -1 12 13 14 15 
1.58224 0 0 2 3 4 -1 16 -1 23 -1 
0 1 0 13 14 15 -1 20 -1 21 -1 
-0.311215 1 3 14 -1 16 -1 18 20 22 24 
10.221 0 3 7 -1 20 -1 15 18 21 24 
-1.26935 0 2 8 9 10 11 10 -1 16 -1 
-7.13112 1 2 13 15 17 19 5 -1 16 -1 
-0.146188 0 0 8 9 10 -1 11 -1 13 -1 
-37.1859 1 0 0 4 8 -1 15 -1 21 -1 
0.0639265 1 0 22 23 24 -1 20 -1 21 -1 
-0.431605 1 3 20 -1 22 -1 9 11 13 15 
31.6382 0 1 15 -1 24 -1 7 14 21 -1 
20.7156 1 4 5 14 23 -1 1 12 23 -1 
3.12175 0 2 19 20 21 22 7 -1 21 -1 
0.505999 1 3 7 -1 10 -1 3 4 5 6 
-2.83573 1 0 20 21 22 -1 10 -1 16 -1 
1.22026 1 0 6 15 24 -1 7 -1 11 -1 
2.01097 0 1 23 -1 24 -1 0 5 10 -1 
2.66994 0 1 0 -1 2 -1 1 6 11 -1 
-7.90093 1 0 0 1 2 -1 7 -1 21 -1 
-0.850259 0 4 14 19 24 -1 12 13 14 -1 
-1.24094 1 2 0 1 2 3 2 -1 6 -1 
3.65721 1 4 13 17 21 -1 5 14 23 -1 
-0.242117 1 1 6 -1 7 -1 13 14 15 -1 
-2.82717 1 1 22 -1 23 -1 0 3 6 -1 
-1.68081 1 0 12 16 20 -1 2 -1 6 -1 
-2.1984 1 3 21 -1 24 -1 18 20 22 24 
0.13567 0 1 8 -1 13 -1 9 10 11 -1 
-43.7032 1 1 16 -1 23 -1 0 11 22 -1 
-0.210054 0 1 9 -1 12 -1 17 18 19 -1 
60.8438 0 0 0 5 10 -1 0 -1 21 -1 
1.04087 1 1 8 -1 12 -1 17 18 19 -1 
-0.514917 1 0 5 6 7 -1 2 -1 6 -1 
0 0 1 10 -1 11 -1 16 19 22 -1 
0.240034 0 0 5 6 7 -1 5 -1 6 -1 
0.113349 0 1 22 -1 23 -1 1 2 3 -1 
0.930893 0 3 6 -1 17 -1 8 9 10 11 
12.5404 0 3 5 -1 21 -1 1 4 7 10 
0.0906575 1 2 7 9 11 13 7 -1 11 -1 
5.00702 0 2 17 18 19 20 6 -1 18 -1 
0.166723 1 2 14 15 16 17 0 -1 1 -1 
2.34952 0 2 18 19 20 21 10 -1 16 -1 
-1.06265 0 4 8 9 10 -1 5 12 19 -1 
-2.79981 1 2 1 2 3 4 16 -1 23 -1 
-0.0303672 1 3 3 -1 4 -1 10 11 12 13 
0.392773 0 0 8 9 10 -1 3 -1 5 -1 
-4.73676 1 0 1 2 3 -1 16 -1 23 -1 
-6.27278 0 4 12 18 24 -1 6 12 18 -1 
6.31679 1 4 13 18 23 -1 6 12 18 -1 
-154.253 1 1 5 -1 23 -1 1 12 23 -1 
-0.336013 0 2 9 10 11 12 20 -1 21 -1 
0.547614 0 0 17 18 19 -1 11 -1 13 -1 
-0.0776641 0 3 13 -1 15 -1 0 1 2 3 
-0.265544 1 0 3 4 5 -1 5 -1 6 -1 
0.408633 1 4 10 11 12 -1 9 12 15 -1 
-1.48814 1 1 5 -1 6 -1 16 19 22 -1 
0.976571 0 3 3 -1 8 -1 16 18 20 22 
-0.495544 1 3 10 -1 13 -1 11 12 13 14 
0.647363 0 0 4 5 6 -1 18 -1 20 -1 
-2.1414 0 3 12 -1 23 -1 11 12 13 14 
4.44447 0 2 4 5 6 7 16 -1 23 -1 
0.397388 1 0 0 1 2 -1 11 -1 13 -1 
0.668901 0 2 5 6 7 8 2 -1 6 -1 
0.695693 0 0 4 5 6 -1 4 -1 5 -1 
-0.408145 0 4 7 9 11 -1 19 20 21 -1 
19.2036 0 0 7 10 13 -1 16 -1 23 -1 
1.58139 1 2 14 15 16 17 16 -1 23 -1 
-1.3567 1 2 12 13 14 15 10 -1 16 -1 
-0.155689 0 2 14 15 16 17 20 -1 21 -1 
-11.075 1 3 13 -1 19 -1 15 18 21 24 
4.72331 0 1 2 -1 20 -1 17 20 23 -1 
-1.79109 0 3 9 -1 11 -1 18 20 22 24 
-3.139 1 0 20 21 22 -1 9 -1 20 -1 
0.80261 1 2 21 22 23 24 2 -1 6 -1 
-1.18557 1 2 15 16 17 18 8 -1 15 -1 
-0.106927 1 1 3 -1 4 -1 13 14 15 -1 
0 0 0 5 6 7 -1 11 -1 13 -1 

140
24.1307
0.732284 0.583687 0.589416 0.552838 0.511431 0.527594 0.587893 0.459888 0.506251 0.498639 0.395016 0.383105 0.394083 0.375467 0.392988 0.546997 0.406255 0.425023 0.439123 0.508883 0.413488 0.406878 0.39797 0.368173 0.471158 0.392655 0.427868 0.424439 0.427478 0.411831 0.382458 0.375596 0.448213 0.419873 0.454779 0.395141 0.417439 0.379852 0.378888 0.420545 0.385719 0.380857 0.491116 0.387919 0.44873 0.366886 0.3834 0.362402 0.470507 0.377015 0.472044 0.373527 0.411479 0.456479 0.360291 0.336536 0.374836 0.440133 0.369 0.342165 0.394013 0.41041 0.349954 0.354622 0.340636 0.360871 0.366328 0.385569 0.373524 0.397882 0.411507 0.346601 0.389195 0.366718 0.380885 0.328847 0.330004 0.388664 0.394366 0.416906 0.400793 0.370661 0.382188 0.323682 0.424898 0.373172 0.364455 0.414546 0.352426 0.411283 0.335104 0.442887 0.430614 0.344932 0.338547 0.411167 0.3902 0.354141 0.373207 0.343519 0.382004 0.362522 0.350084 0.354736 0.327316 0.323384 0.383672 0.367875 0.353243 0.340931 0.342745 0.311719 0.396393 0.409418 0.363095 0.343141 0.356684 0.339246 0.369198 0.338536 0.346519 0.348024 0.350237 0.338316 0.332951 0.311186 0.329245 0.416274 0.419031 0.363052 0.420746 0.344616 0.373497 0.324671 0.358394 0.35753 0.399411 0.325601 0.374817 0.338598 
2.60768 0 0 7 8 9 -1 11 -1 23 -1 
-19.027 1 3 2 -1 22 -1 9 11 13 15 
5.09389 0 0 3 8 13 -1 5 -1 6 -1 
-4.96317 1 2 0 1 2 3 0 -1 21 -1 
-4.10927 1 0 0 10 20 -1 11 -1 13 -1 
4.31427 0 2 0 1 2 3 1 -1 18 -1 
0 1 0 13 14 15 -1 0 -1 1 -1 
-0.145475 0 0 8 10 12 -1 11 -1 13 -1 
4.78342 0 2 18 19 20 21 9 -1 20 -1 
-0.304401 1 3 11 -1 14 -1 18 20 22 24 
0.582166 0 1 0 -1 3 -1 1 2 3 -1 
-1.22977 1 4 20 22 24 -1 15 18 21 -1 
21.5943 0 1 0 -1 4 -1 0 9 18 -1 
0 1 0 0 1 2 -1 11 -1 13 -1 
-4.14984 1 1 16 -1 23 -1 0 1 2 -1 
2.31419 1 4 10 12 14 -1 7 12 17 -1 
-1.42983 1 3 16 -1 24 -1 1 2 3 4 
1.11887 1 2 11 14 17 20 0 -1 1 -1 
7.07224 0 2 17 18 19 20 6 -1 18 -1 
1.13366 1 4 7 8 9 -1 3 12 21 -1 
-1.20106 1 2 17 18 19 20 8 -1 15 -1 
0 1 0 22 23 24 -1 0 -1 1 -1 
-60.171 1 2 0 8 16 24 16 -1 23 -1 
-1.43657 1 1 17 -1 23 -1 1 2 3 -1 
-8.73747 0 4 9 14 19 -1 4 13 22 -1 
-2.50689 1 2 11 13 15 17 11 -1 13 -1 
12.0814 1 4 9 14 19 -1 3 12 21 -1 
29.5391 0 1 14 -1 24 -1 8 13 18 -1 
0.772379 1 4 8 10 12 -1 10 12 14 -1 
4.54794 0 2 3 4 5 6 0 -1 21 -1 
-0.340395 1 3 8 -1 16 -1 1 2 3 4 
-0.933827 1 2 3 4 5 6 2 -1 6 -1 
-3.15059 0 4 8 10 12 -1 7 12 17 -1 
-2.66497 1 0 20 21 22 -1 10 -1 16 -1 
-0.414781 1 2 8 10 12 14 7 -1 11 -1 
-0.40838 1 3 10 -1 13 -1 11 12 13 14 
-1.20959 1 2 15 16 17 18 8 -1 15 -1 
0.0284054 0 4 7 9 11 -1 16 17 18 -1 
-80.0643 1 2 7 11 15 19 1 -1 18 -1 
0.82066 1 4 8 10 12 -1 3 6 9 -1 
-0.106437 1 1 22 -1 23 -1 21 22 23 -1 
-5.50409 1 1 12 -1 23 -1 1 2 3 -1 
0.268291 1 2 13 14 15 16 0 -1 1 -1 
-147.05 1 1 5 -1 23 -1 1 12 23 -1 
-0.910133 0 2 7 8 9 10 7 -1 11 -1 
2.97535 0 2 19 20 21 22 7 -1 21 -1 
1.13266 1 4 16 20 24 -1 10 12 14 -1 
-45.8654 1 2 0 5 10 15 0 -1 21 -1 
-7.55386 0 4 12 18 24 -1 6 12 18 -1 
-2.79476 1 0 0 1 2 -1 15 -1 21 -1 
8.79527 1 4 13 17 21 -1 1 12 23 -1 
0.988744 0 1 4 -1 8 -1 9 10 11 -1 
-4.12794 1 0 21 22 23 -1 5 -1 16 -1 
-1.77881 1 0 8 15 22 -1 6 -1 8 -1 
-0.520966 1 0 2 3 4 -1 18 -1 20 -1 
-0.632702 1 0 16 20 24 -1 0 -1 1 -1 
-39.6251 1 1 17 -1 23 -1 1 12 23 -1 
0.139145 0 0 7 8 9 -1 20 -1 21 -1 
0.587119 0 1 5 -1 7 -1 18 20 22 -1 
-5.80233 0 4 0 3 6 -1 4 13 22 -1 
-0.501152 1 2 4 5 6 7 4 -1 5 -1 
0.122058 0 1 2 -1 4 -1 9 10 11 -1 
-0.459098 1 1 0 -1 3 -1 21 22 23 -1 
0.453931 0 0 5 6 7 -1 18 -1 20 -1 
0 0 0 0 1 2 -1 0 -1 1 -1 
-2.24666 1 2 20 21 22 23 6 -1 18 -1 
-0.788012 0 2 8 9 10 11 7 -1 11 -1 
2.21599 0 2 20 21 22 23 8 -1 15 -1 
-0.646368 0 4 18 21 24 -1 11 12 13 -1 
-99.7208 1 0 0 4 8 -1 0 -1 21 -1 
-0.117663 0 1 1 -1 5 -1 7 8 9 -1 
-1.49916 1 4 14 16 18 -1 14 16 18 -1 
-0.0578509 0 0 6 7 8 -1 10 -1 16 -1 
-24.7071 1 3 11 -1 22 -1 15 18 21 24 
-0.683431 1 3 6 -1 10 -1 11 12 13 14 
0.113515 0 0 20 21 22 -1 9 -1 10 -1 
0 0 0 9 10 11 -1 0 -1 1 -1 
-2.27424 1 1 6 -1 15 -1 11 12 13 -1 
-0.676551 0 2 15 16 17 18 2 -1 6 -1 
2.12892 0 2 21 22 23 24 10 -1 16 -1 
0.446067 1 2 15 16 17 18 3 -1 5 -1 
6.4477 0 3 5 -1 20 -1 15 18 21 24 
0.101566 0 1 14 -1 17 -1 1 2 3 -1 
0.0130363 0 1 10 -1 12 -1 15 18 21 -1 
11.0482 0 2 14 16 18 20 10 -1 16 -1 
-0.242116 0 4 8 11 14 -1 17 18 19 -1 
-5.72851 1 0 18 19 20 -1 6 -1 18 -1 
0.481184 1 2 18 19 20 21 3 -1 5 -1 
2.1237 0 0 1 2 3 -1 1 -1 8 -1 
0.0253672 0 0 8 9 10 -1 8 -1 15 -1 
-0.238793 1 1 10 -1 12 -1 2 6 10 -1 
21.1628 0 0 2 13 24 -1 0 -1 1 -1 
0 0 1 0 -1 1 -1 0 1 2 -1 
-0.613994 1 2 11 12 13 14 6 -1 18 -1 
1.43921 1 0 7 9 11 -1 11 -1 13 -1 
-29.6976 1 0 0 2 4 -1 7 -1 21 -1 
-0.796567 0 4 6 9 12 -1 20 21 22 -1 
-2.52391 1 2 18 19 20 21 8 -1 15 -1 
-0.177095 1 2 9 10 11 12 14 -1 20 -1 
0.643019 1 0 22 23 24 -1 16 -1 23 -1 
-4.49997 1 0 17 18 19 -1 6 -1 18 -1 
-0.942364 0 0 22 23 24 -1 15 -1 21 -1 
0.824607 0 0 4 5 6 -1 3 -1 5 -1 
0 1 0 16 17 18 -1 0 -1 1 -1 
0.554864 0 3 10 -1 15 -1 8 9 10 11 
12.5344 0 3 5 -1 21 -1 1 4 7 10 
0.240366 1 2 16 17 18 19 0 -1 1 -1 
0.409251 0 0 1 2 3 -1 18 -1 20 -1 
-5.55708 1 1 1 -1 5 -1 12 17 22 -1 
-0.0835868 1 0 1 2 3 -1 11 -1 13 -1 
0.140527 0 0 21 22 23 -1 9 -1 10 -1 
-0.506731 0 2 0 1 2 3 11 -1 13 -1 
71.255 0 2 0 5 10 15 15 -1 21 -1 
0.396545 1 2 17 18 19 20 20 -1 21 -1 
0.548273 0 0 1 2 3 -1 3 -1 5 -1 
-0.193175 0 3 11 -1 13 -1 0 1 2 3 
1.24047 0 0 19 20 21 -1 8 -1 15 -1 
-1.21798 1 2 17 18 19 20 10 -1 16 -1 
-0.585887 0 2 13 14 15 16 1 -1 8 -1 
-0.928185 1 2 13 14 15 16 4 -1 15 -1 
-0.177754 1 0 14 15 16 -1 2 -1 6 -1 
-3.14298 1 2 0 1 2 3 16 -1 23 -1 
-0.863915 1 3 5 -1 10 -1 10 11 12 13 
0.600967 0 0 6 7 8 -1 18 -1 20 -1 
0 1 4 1 2 3 -1 1 2 3 -1 
6.23481 0 1 11 -1 22 -1 17 20 23 -1 
0.728193 1 3 18 -1 24 -1 8 9 10 11 
-19.269 1 1 3 -1 24 -1 17 20 23 -1 
-9.78646 0 4 18 21 24 -1 2 12 22 -1 
-4.66219 1 1 9 -1 22 -1 1 2 3 -1 
0.347653 1 2 16 17 18 19 20 -1 21 -1 
-1.65445 1 3 23 -1 24 -1 0 3 6 9 
0 0 1 23 -1 24 -1 5 6 7 -1 
60.7009 0 1 0 -1 14 -1 0 9 18 -1 
0 0 0 7 8 9 -1 9 -1 10 -1 
-4.25266 1 1 23 -1 24 -1 0 5 10 -1 
-1.07843 0 2 8 9 10 11 8 -1 15 -1 
4.36946 0 2 17 18 19 20 7 -1 21 -1 
-0.116499 0 2 15 16 17 18 0 -1 1 -1 
-0.334695 1 2 17 18 19 20 13 -1 20 -1 

160
26.4595
0.700875 0.542977 0.538391 0.478388 0.452488 0.510154 0.42203 0.531023 0.436605 0.430308 0.449738 0.414397 0.477195 0.456868 0.391077 0.358166 0.417823 0.445806 0.390749 0.402502 0.533722 0.369825 0.355315 0.369735 0.452913 0.369229 0.387991 0.403751 0.446993 0.402017 0.423271 0.399773 0.364791 0.395863 0.419514 0.362719 0.376985 0.376469 0.396869 0.40935 0.373298 0.422302 0.442979 0.38201 0.330223 0.336509 0.451875 0.378926 0.424037 0.366944 0.40402 0.366315 0.341378 0.383936 0.381005 0.366441 0.379967 0.415465 0.397005 0.341252 0.339488 0.414446 0.359997 0.350291 0.389403 0.37297 0.395188 0.393395 0.340222 0.376907 0.362258 0.428106 0.351725 0.384398 0.332787 0.400489 0.349522 0.315225 0.339814 0.314172 0.343649 0.370841 0.42777 0.366385 0.363614 0.325329 0.324058 0.327098 0.426676 0.358858 0.39694 0.312639 0.352635 0.33223 0.343098 0.335165 0.399438 0.352305 0.389068 0.342301 0.365585 0.382621 0.351098 0.375928 0.367983 0.325431 0.347168 0.316358 0.359235 0.360114 0.36516 0.343974 0.320232 0.359287 0.3232 0.407839 0.359405 0.328083 0.335612 0.36631 0.352898 0.351922 0.376507 0.318292 0.35817 0.317698 0.322538 0.325268 0.308444 0.309692 0.37269 0.41121 0.332264 0.346509 0.350734 0.306005 0.307637 0.370756 0.36116 0.312618 0.300279 0.313008 0.324082 0.301689 0.339762 0.381046 0.321491 0.311374 0.358921 0.404614 0.361702 0.387189 0.361173 0.354475 0.346966 0.326932 0.304424 0.338788 0.328028 0.302772 
0.374739 0 0 8 9 10 -1 18 -1 20 -1 
-44.8567 1 3 0 -1 8 -1 0 7 14 21 
-4.50283 1 4 0 3 6 -1 0 3 6 -1 
0.256826 0 0 6 7 8 -1 5 -1 6 -1 
-10.5861 1 0 0 2 4 -1 14 -1 20 -1 
-1.52775 1 1 11 -1 14 -1 3 6 9 -1 
-121.989 1 0 10 16 22 -1 1 -1 18 -1 
-0.480138 1 3 8 -1 12 -1 11 12 13 14 
0 0 1 23 -1 24 -1 3 4 5 -1 
2.44299 0 0 0 1 2 -1 16 -1 23 -1 
0 1 0 22 23 24 -1 4 -1 5 -1 
-1.60298 1 0 8 16 24 -1 6 -1 8 -1 
7.15458 0 2 0 1 2 3 0 -1 21 -1 
0 0 1 0 -1 1 -1 8 9 10 -1 
-0.493691 1 4 20 21 22 -1 16 19 22 -1 
-0.633852 1 1 4 -1 8 -1 12 13 14 -1 
59.3203 0 1 7 -1 23 -1 4 13 22 -1 
0.156941 0 0 6 8 10 -1 0 -1 1 -1 
0.114521 0 1 22 -1 23 -1 1 2 3 -1 
9.05794 0 0 12 18 24 -1 0 -1 1 -1 
-0.644323 0 3 0 -1 5 -1 8 9 10 11 
-0.110561 1 1 2 -1 5 -1 4 5 6 -1 
1.04234 0 1 0 -1 2 -1 3 6 9 -1 
146.537 0 2 1 5 9 13 0 -1 21 -1 
0.0881411 0 1 12 -1 13 -1 14 18 22 -1 
8.00406 0 2 13 15 17 19 10 -1 16 -1 
0 1 0 16 17 18 -1 4 -1 5 -1 
-1.71385 1 0 17 18 19 -1 10 -1 16 -1 
0.721688 1 3 18 -1 23 -1 13 14 15 16 
2.37095 0 2 20 21 22 23 8 -1 15 -1 
-0.108475 1 3 20 -1 22 -1 9 11 13 15 
0.188674 0 0 6 7 8 -1 20 -1 21 -1 
-0.892195 1 0 15 16 17 -1 11 -1 13 -1 
-0.755949 0 4 14 18 22 -1 11 12 13 -1 
1.57081 0 2 13 14 15 16 8 -1 15 -1 
0.0841089 0 1 1 -1 3 -1 8 9 10 -1 
-0.868344 1 2 17 18 19 20 7 -1 11 -1 
0.026135 0 0 7 9 11 -1 11 -1 13 -1 
2.59409 0 0 4 5 6 -1 1 -1 8 -1 
0 1 0 17 18 19 -1 0 -1 1 -1 
-4.68439 1 3 5 -1 7 -1 3 10 17 24 
-2.3054 1 1 22 -1 23 -1 0 3 6 -1 
21.4643 1 4 8 16 24 -1 1 12 23 -1 
-1.6438 1 2 0 1 2 3 1 -1 8 -1 
0.405248 0 0 6 7 8 -1 7 -1 11 -1 
-85.5898 1 1 2 -1 24 -1 0 9 18 -1 
0.231839 1 2 20 21 22 23 20 -1 21 -1 
129.349 0 1 5 -1 23 -1 1 12 23 -1 
0.635437 1 3 0 -1 16 -1 20 21 22 23 
2.6119 0 2 3 4 5 6 2 -1 6 -1 
0.560682 1 2 17 19 21 23 0 -1 1 -1 
-0.112581 1 0 4 5 6 -1 5 -1 6 -1 
-0.427723 1 2 10 11 12 13 12 -1 21 -1 
0.562473 0 0 4 5 6 -1 18 -1 20 -1 
0 1 0 15 16 17 -1 4 -1 5 -1 
2.0565 0 4 18 20 22 -1 3 6 9 -1 
1.0974 1 2 16 17 18 19 2 -1 6 -1 
-2.6817 1 0 19 20 21 -1 8 -1 15 -1 
0.0255195 0 3 6 -1 11 -1 13 14 15 16 
0.989113 0 2 18 19 20 21 10 -1 16 -1 
0.883282 1 4 18 20 22 -1 10 12 14 -1 
2.38104 0 2 17 18 19 20 8 -1 15 -1 
-0.442714 1 2 12 13 14 15 9 -1 20 -1 
-7.11326 0 4 12 18 24 -1 6 12 18 -1 
45.064 0 1 7 -1 19 -1 6 12 18 -1 
0.360448 1 4 8 9 10 -1 9 12 15 -1 
-41.6101 1 1 14 -1 22 -1 1 12 23 -1 
0.000316921 1 0 15 16 17 -1 0 -1 1 -1 
-0.252045 1 2 4 5 6 7 4 -1 5 -1 
-0.152152 0 2 14 15 16 17 0 -1 1 -1 
5.62193 0 0 8 16 24 -1 0 -1 1 -1 
-0.629402 0 3 11 -1 13 -1 20 21 22 23 
24.9952 0 1 0 -1 23 -1 0 3 6 -1 
0 0 1 12 -1 14 -1 9 10 11 -1 
2.03443 0 2 12 13 14 15 10 -1 16 -1 
-12.761 0 4 9 14 19 -1 4 13 22 -1 
0.091651 0 4 0 1 2 -1 20 21 22 -1 
-1.18336 1 2 17 18 19 20 10 -1 16 -1 
-0.0286913 1 3 10 -1 11 -1 20 21 22 23 
-0.312697 1 0 3 4 5 -1 20 -1 21 -1 
-1.04046 0 3 9 -1 14 -1 3 4 5 6 
-14.2674 1 0 14 16 18 -1 10 -1 16 -1 
0.653499 1 3 8 -1 14 -1 3 4 5 6 
-0.51837 1 2 3 4 5 6 3 -1 5 -1 
-1.78323 1 3 4 -1 6 -1 9 11 13 15 
-4.85109 1 3 16 -1 24 -1 18 20 22 24 
0.283197 0 0 6 7 8 -1 8 -1 15 -1 
-3.26578 1 1 6 -1 15 -1 11 12 13 -1 
-1.25962 0 2 6 7 8 9 8 -1 15 -1 
71.255 0 2 0 5 10 15 15 -1 21 -1 
0.000256587 1 1 1 -1 2 -1 13 14 15 -1 
0.33984 0 0 5 6 7 -1 5 -1 6 -1 
0 0 0 10 11 12 -1 9 -1 10 -1 
-0.122197 1 3 0 -1 2 -1 1 2 3 4 
0 1 2 0 1 2 3 0 -1 1 -1 
1.02128 0 0 1 2 3 -1 2 -1 6 -1 
0.814243 1 3 0 -1 4 -1 13 14 15 16 
45.3832 0 0 2 7 12 -1 16 -1 23 -1 
7.82878 1 4 13 17 21 -1 3 12 21 -1 
-4.78952 1 1 13 -1 18 -1 5 10 15 -1 
72.6449 0 1 0 -1 23 -1 1 12 23 -1 
0.43039 1 3 0 -1 2 -1 18 20 22 24 
-0.93043 0 4 0 6 12 -1 16 19 22 -1 
1.11634 0 1 8 -1 22 -1 21 22 23 -1 
0.242435 0 1 11 -1 15 -1 1 2 3 -1 
0 0 4 13 14 15 -1 13 14 15 -1 
-1.74429 1 4 18 20 22 -1 15 18 21 -1 
9.08197e-005 1 0 13 14 15 -1 0 -1 1 -1 
10.3306 0 0 0 10 20 -1 0 -1 1 -1 
-0.93604 0 3 7 -1 11 -1 20 21 22 23 
9.29323 0 2 9 12 15 18 2 -1 16 -1 
8.13609e-005 1 0 16 17 18 -1 0 -1 1 -1 
22.7471 0 3 2 -1 21 -1 1 4 7 10 
0.0253637 0 3 11 -1 12 -1 8 9 10 11 
4.99372 1 3 0 -1 20 -1 8 9 10 11 
-1.43177 1 2 4 5 6 7 3 -1 5 -1 
-1.08405 0 4 7 8 9 -1 4 13 22 -1 
-0.771523 1 2 0 1 2 3 18 -1 20 -1 
0.706423 1 4 7 8 9 -1 3 12 21 -1 
1.62041 0 2 0 1 2 3 16 -1 23 -1 
0.77686 1 2 8 9 10 11 6 -1 18 -1 
47.0602 0 2 1 6 11 16 1 -1 8 -1 
-0.459727 0 3 2 -1 4 -1 13 14 15 16 
-10.7864 1 1 19 -1 24 -1 17 20 23 -1 
0.388278 1 2 9 10 11 12 8 -1 15 -1 
0.955331 0 1 20 -1 21 -1 16 19 22 -1 
-0.497602 1 1 1 -1 3 -1 14 16 18 -1 
0.14978 0 0 0 1 2 -1 20 -1 21 -1 
-0.130661 1 0 1 2 3 -1 11 -1 13 -1 
0.294213 0 3 5 -1 10 -1 8 9 10 11 
131.52 0 0 0 6 12 -1 0 -1 21 -1 
-0.349322 0 2 19 20 21 22 20 -1 21 -1 
45.5765 0 1 17 -1 23 -1 1 12 23 -1 
-1.02736 0 3 14 -1 23 -1 13 14 15 16 
-16.6114 1 1 16 -1 23 -1 0 11 22 -1 
-6.50707 1 3 4 -1 16 -1 3 10 17 24 
0.395938 0 1 11 -1 16 -1 16 17 18 -1 
7.38299 0 3 12 -1 20 -1 15 18 21 24 
-0.84673 1 3 9 -1 16 -1 18 20 22 24 
-0.72434 1 0 18 21 24 -1 0 -1 1 -1 
0 1 4 22 23 24 -1 16 17 18 -1 
-0.316959 0 0 11 12 13 -1 10 -1 16 -1 
1.99052 0 4 13 16 19 -1 5 8 11 -1 
-0.100916 1 0 12 13 14 -1 6 -1 8 -1 
25.355 0 2 15 17 19 21 6 -1 18 -1 
0.588062 1 3 20 -1 24 -1 13 14 15 16 
1.15101 0 3 5 -1 14 -1 16 18 20 22 
1.21068 0 3 8 -1 11 -1 11 14 17 20 
-1.53095 1 0 0 1 2 -1 6 -1 8 -1 
1.72955 1 1 9 -1 10 -1 16 19 22 -1 
-15.3804 1 3 3 -1 16 -1 7 9 11 13 
-1.00888 0 3 18 -1 24 -1 8 9 10 11 
-0.849898 1 0 19 20 21 -1 11 -1 13 -1 
9.4493 1 4 18 21 24 -1 1 12 23 -1 
-1.77875 1 2 1 2 3 4 1 -1 8 -1 
1.2279 0 2 18 19 20 21 11 -1 23 -1 
-0.0830283 1 1 3 -1 4 -1 13 14 15 -1 
-1.17666 1 2 18 19 20 21 6 -1 18 -1 
0.318149 0 0 7 8 9 -1 10 -1 16 -1 
-0.113357 1 1 22 -1 23 -1 21 22 23 -1 

180
27.8552
0.673732 0.568792 0.589096 0.472819 0.424515 0.461213 0.425936 0.422939 0.446231 0.406756 0.465193 0.424288 0.386205 0.421766 0.3634 0.397581 0.452215 0.366329 0.371611 0.387254 0.354606 0.406468 0.364469 0.393557 0.376275 0.368541 0.384878 0.364243 0.41122 0.444544 0.364042 0.398215 0.362222 0.358268 0.347037 0.330626 0.344833 0.371099 0.348532 0.338496 0.36524 0.370341 0.385699 0.417596 0.3133 0.35501 0.342384 0.411548 0.397245 0.317302 0.371678 0.366209 0.343559 0.329369 0.325015 0.346659 0.31638 0.378145 0.322406 0.321136 0.306134 0.308946 0.375112 0.415983 0.348618 0.367804 0.303255 0.364544 0.328007 0.380575 0.322691 0.366309 0.334264 0.3378 0.382349 0.328153 0.352512 0.321811 0.336349 0.354014 0.332626 0.340759 0.306901 0.355009 0.342283 0.337784 0.347153 0.290494 0.336169 0.345721 0.333981 0.327793 0.318524 0.384159 0.297707 0.357491 0.308911 0.327775 0.348429 0.307739 0.328145 0.323264 0.382343 0.302886 0.300479 0.361739 0.305368 0.325721 0.307211 0.307296 0.322425 0.287946 0.324319 0.307366 0.315525 0.283824 0.326622 0.338139 0.291762 0.293304 0.379689 0.32068 0.308262 0.32699 0.29196 0.32569 0.306316 0.308087 0.358931 0.344894 0.370782 0.319122 0.300211 0.292904 0.313282 0.281363 0.295228 0.28457 0.314485 0.363772 0.359392 0.315848 0.309612 0.320439 0.396132 0.317055 0.361788 0.339324 0.355127 0.30226 0.320747 0.293577 0.309509 0.363322 0.326206 0.337443 0.277543 0.298576 0.336277 0.380877 0.310287 0.300454 0.349807 0.296154 0.311925 0.303804 0.304701 0.281644 0.304606 0.362361 0.290115 0.282477 0.344818 0.382956 0.293818 0.3244 0.323576 0.324133 0.307244 0.326618 
-0.74492 1 3 5 -1 8 -1 11 12 13 14 
132.993 0 2 0 4 8 12 0 -1 21 -1 
21.8232 0 4 1 9 17 -1 9 16 23 -1 
1.67164 0 2 17 19 21 23 6 -1 8 -1 
0.215219 0 1 0 -1 1 -1 0 1 2 -1 
0.640806 0 1 0 -1 6 -1 8 9 10 -1 
2.01561 0 0 6 7 8 -1 1 -1 8 -1 
-2.89416 1 2 0 1 2 3 16 -1 23 -1 
-1.8573 1 3 11 -1 14 -1 9 11 13 15 
-3.91794 1 0 0 1 2 -1 14 -1 20 -1 
0 1 0 22 23 24 -1 20 -1 21 -1 
-0.394029 1 2 10 11 12 13 9 -1 20 -1 
-2.48195 1 2 1 2 3 4 16 -1 23 -1 
-0.112183 1 0 16 17 18 -1 1 -1 8 -1 
-0.606777 1 4 8 10 12 -1 4 7 10 -1 
-5.50491 1 1 12 -1 23 -1 1 2 3 -1 
20.1822 1 4 8 16 24 -1 3 12 21 -1 
0.568954 0 1 4 -1 6 -1 18 20 22 -1 
-1.69404 1 3 8 -1 21 -1 1 2 3 4 
1.50885 0 1 0 -1 2 -1 2 6 10 -1 
-38.9312 1 2 0 5 10 15 0 -1 21 -1 
0.127487 0 0 7 8 9 -1 5 -1 6 -1 
-7.62398 1 2 11 13 15 17 8 -1 15 -1 
0 0 1 12 -1 13 -1 17 18 19 -1 
-1.72436 1 2 15 16 17 18 9 -1 20 -1 
-0.478982 0 3 0 -1 5 -1 8 9 10 11 
-3.03611 1 2 17 18 19 20 6 -1 18 -1 
-1.06064 0 2 6 8 10 12 9 -1 10 -1 
-170.668 1 1 0 -1 23 -1 1 12 23 -1 
0 0 0 7 8 9 -1 9 -1 10 -1 
34.9855 0 1 12 -1 24 -1 6 12 18 -1 
-6.83527 0 4 14 19 24 -1 6 12 18 -1 
0.42141 0 1 0 -1 3 -1 1 2 3 -1 
0.526847 0 0 18 19 20 -1 11 -1 13 -1 
0 0 1 23 -1 24 -1 4 5 6 -1 
1.64898 0 2 18 19 20 21 10 -1 16 -1 
-8.7989 0 4 7 12 17 -1 7 12 17 -1 
-2.35801 1 2 18 19 20 21 6 -1 18 -1 
0 0 0 0 1 2 -1 0 -1 1 -1 
-0.866965 1 2 11 12 13 14 1 -1 18 -1 
0.358035 0 0 4 5 6 -1 5 -1 6 -1 
1.06187 1 2 6 7 8 9 10 -1 16 -1 
-31.4435 1 1 15 -1 23 -1 0 3 6 -1 
1.01748 1 3 7 -1 11 -1 15 16 17 18 
-2.33477 1 0 0 1 2 -1 15 -1 21 -1 
0 1 0 16 17 18 -1 0 -1 1 -1 
-0.568513 0 2 12 14 16 18 0 -1 1 -1 
13.152 0 0 6 15 24 -1 0 -1 1 -1 
0.461796 0 3 5 -1 15 -1 8 9 10 11 
-4.11908 0 1 0 -1 12 -1 4 7 10 -1 
-9.53934 1 2 13 15 17 19 8 -1 15 -1 
0.00422611 1 1 1 -1 22 -1 4 5 6 -1 
-0.760221 1 3 23 -1 24 -1 15 18 21 24 
-0.313854 1 4 16 17 18 -1 10 14 18 -1 
0 1 0 15 16 17 -1 0 -1 1 -1 
-0.748198 1 1 4 -1 5 -1 16 19 22 -1 
-0.328574 0 2 15 16 17 18 2 -1 6 -1 
-2.22847 1 2 11 13 15 17 11 -1 13 -1 
0.511734 1 4 9 12 15 -1 4 11 18 -1 
0.240906 0 0 5 6 7 -1 5 -1 6 -1 
0.0847958 0 4 1 2 3 -1 21 22 23 -1 
-0.0281679 1 1 11 -1 12 -1 13 14 15 -1 
116.572 0 1 10 -1 23 -1 5 14 23 -1 
0.500541 1 3 10 -1 12 -1 18 20 22 24 
1.01108 0 0 1 2 3 -1 2 -1 6 -1 
0.142357 0 0 8 9 10 -1 5 -1 6 -1 
-1.4002 1 1 4 -1 12 -1 11 12 13 -1 
-1.33224 0 3 6 -1 13 -1 20 21 22 23 
-1.67739 1 1 16 -1 23 -1 0 1 2 -1 
-0.113827 1 1 6 -1 7 -1 13 14 15 -1 
0 0 0 7 8 9 -1 11 -1 13 -1 
1.32524 0 2 3 4 5 6 18 -1 20 -1 
0.113349 0 1 22 -1 23 -1 1 2 3 -1 
0.961145 1 2 17 18 19 20 2 -1 6 -1 
20.9638 0 1 9 -1 12 -1 1 12 23 -1 
-0.881618 0 2 8 9 10 11 10 -1 16 -1 
1.37885 0 2 2 3 4 5 2 -1 6 -1 
-0.0561323 1 3 10 -1 16 -1 20 21 22 23 
-0.746415 1 0 4 5 6 -1 18 -1 20 -1 
0 0 0 8 9 10 -1 9 -1 10 -1 
-5.04204 1 1 23 -1 24 -1 9 16 23 -1 
0.000247279 1 0 22 23 24 -1 0 -1 1 -1 
-1.05628 1 2 16 17 18 19 10 -1 16 -1 
2.51366 1 0 6 15 24 -1 7 -1 11 -1 
1.79659 0 2 20 21 22 23 10 -1 16 -1 
-0.803597 1 2 20 21 22 23 6 -1 18 -1 
0.508739 1 3 16 -1 23 -1 12 13 14 15 
0.0609224 0 2 1 3 5 7 11 -1 13 -1 
52.5681 0 0 0 6 12 -1 16 -1 23 -1 
-0.339241 0 2 5 6 7 8 11 -1 13 -1 
-1.86826 1 0 19 20 21 -1 10 -1 16 -1 
-1.43958 0 4 17 18 19 -1 2 12 22 -1 
180.75 0 2 1 5 9 13 0 -1 21 -1 
8.56392 1 4 14 18 22 -1 4 13 22 -1 
0.427923 0 1 9 -1 13 -1 9 10 11 -1 
-13.1206 1 1 13 -1 20 -1 1 10 19 -1 
0.276969 0 1 0 -1 3 -1 7 8 9 -1 
1.42775 0 2 3 4 5 6 3 -1 5 -1 
-0.701866 0 2 13 14 15 16 16 -1 23 -1 
-0.662525 1 0 15 16 17 -1 11 -1 13 -1 
0.112873 0 1 10 -1 13 -1 1 2 3 -1 
-2.37428 1 1 10 -1 23 -1 1 2 3 -1 
0.474332 1 2 19 20 21 22 3 -1 5 -1 
-4.0293 1 2 0 1 2 3 0 -1 21 -1 
2.48801 0 2 0 1 2 3 0 -1 11 -1 
-0.192842 0 2 19 20 21 22 0 -1 1 -1 
-0.986403 1 4 13 15 17 -1 14 16 18 -1 
-0.461037 1 2 12 13 14 15 8 -1 15 -1 
0 1 1 3 -1 4 -1 15 16 17 -1 
-7.15728 1 2 13 15 17 19 5 -1 16 -1 
0.0841991 1 2 8 9 10 11 6 -1 18 -1 
0.483569 0 2 21 22 23 24 11 -1 13 -1 
0 0 0 10 11 12 -1 8 -1 15 -1 
-5.09165 0 2 5 11 17 23 11 -1 13 -1 
2.06044 0 2 19 20 21 22 4 -1 15 -1 
0.489677 0 0 5 8 11 -1 0 -1 1 -1 
32.8695 0 1 8 -1 24 -1 8 13 18 -1 
-0.973311 1 1 0 -1 9 -1 12 13 14 -1 
1.79659 1 4 1 11 21 -1 10 12 14 -1 
-11.8317 1 1 19 -1 24 -1 17 20 23 -1 
-1.39763 0 3 9 -1 15 -1 20 21 22 23 
-6.20896 1 3 16 -1 24 -1 18 20 22 24 
0 1 0 14 15 16 -1 20 -1 21 -1 
1.49282 0 1 5 -1 21 -1 20 21 22 -1 
0 0 1 15 -1 16 -1 0 1 2 -1 
-1.03789 1 1 20 -1 22 -1 18 20 22 -1 
0 0 0 9 10 11 -1 11 -1 13 -1 
-1.99287 1 2 3 4 5 6 1 -1 8 -1 
0.703606 1 3 7 -1 10 -1 3 4 5 6 
-35.176 1 1 12 -1 23 -1 0 3 6 -1 
0.792436 1 4 13 17 21 -1 11 12 13 -1 
-0.577256 1 4 18 19 20 -1 12 15 18 -1 
-0.348501 1 2 6 8 10 12 20 -1 21 -1 
-0.460962 1 1 0 -1 3 -1 21 22 23 -1 
0 1 4 9 11 13 -1 5 6 7 -1 
-0.137023 1 0 21 22 23 -1 0 -1 1 -1 
-1.58302 1 4 0 2 4 -1 2 6 10 -1 
0.143982 0 0 4 5 6 -1 4 -1 5 -1 
-9.21115 0 4 10 16 22 -1 5 12 19 -1 
11.3352 0 1 2 -1 12 -1 10 12 14 -1 
-0.859149 0 3 8 -1 14 -1 3 4 5 6 
-0.48293 1 2 13 14 15 16 10 -1 16 -1 
-1.00311 1 3 6 -1 22 -1 10 11 12 13 
1.7737 0 1 5 -1 14 -1 12 13 14 -1 
0.476264 1 2 21 22 23 24 3 -1 5 -1 
8.27499 0 2 10 12 14 16 8 -1 15 -1 
1.38268 1 2 14 15 16 17 16 -1 23 -1 
14.3746 0 2 12 14 16 18 10 -1 16 -1 
-0.728903 0 0 22 23 24 -1 2 -1 6 -1 
1.42412 0 1 0 -1 3 -1 0 3 6 -1 
-0.498992 1 2 18 20 22 24 6 -1 8 -1 
0.466755 0 3 12 -1 13 -1 8 13 18 23 
2.95104 0 2 4 5 6 7 1 -1 8 -1 
0.516684 1 0 10 17 24 -1 13 -1 20 -1 
1.069 0 0 21 22 23 -1 11 -1 13 -1 
-0.0861409 1 1 3 -1 4 -1 13 14 15 -1 
-0.110304 1 1 22 -1 23 -1 21 22 23 -1 
-0.122298 0 2 21 22 23 24 20 -1 21 -1 
80.8864 0 2 0 5 10 15 15 -1 21 -1 
-0.714431 0 4 8 9 10 -1 9 12 15 -1 
-1.17657 1 2 17 18 19 20 10 -1 16 -1 
-1.45236 1 2 19 20 21 22 6 -1 18 -1 
0.514192 1 3 19 -1 23 -1 13 14 15 16 
-0.31818 1 0 19 20 21 -1 6 -1 8 -1 
0.483109 0 0 20 22 24 -1 7 -1 11 -1 
2.19925e-005 1 0 22 23 24 -1 5 -1 6 -1 
-0.847027 1 4 20 22 24 -1 5 8 11 -1 
5.02809 1 4 13 17 21 -1 3 12 21 -1 
-15.3804 1 3 3 -1 16 -1 7 9 11 13 
-5.36137 0 4 14 16 18 -1 0 11 22 -1 
-0.965307 1 3 23 -1 24 -1 12 15 18 21 
-0.182796 0 2 17 18 19 20 20 -1 21 -1 
-42.2666 1 1 10 -1 23 -1 0 3 6 -1 
0.363601 1 2 5 6 7 8 0 -1 1 -1 
-0.606714 1 2 4 5 6 7 3 -1 5 -1 
0.862359 1 3 18 -1 24 -1 8 9 10 11 
2.91183 0 1 5 -1 13 -1 11 12 13 -1 
-0.0847547 1 3 15 -1 17 -1 1 2 3 4 
-0.361113 0 2 13 14 15 16 3 -1 5 -1 
-4.40119 1 0 16 17 18 -1 10 -1 16 -1 

